181 214 322 455 497 538 573 631 659 713 744 772 825 841 948 966 
181 214 322 455 476 494 538 573 631 659 713 744 772 841 948 967 
181 253 265 346 387 417 473 544 578 611 741 752 828 884 925 976 
181 192 233 246 367 414 421 452 545 617 676 712 728 784 843 875 
181 192 238 253 384 411 422 564 577 626 715 737 773 846 852 941 
181 192 224 255 369 427 446 474 541 685 758 767 775 816 873 912 
181 192 225 244 383 417 446 474 531 658 719 722 778 845 851 963 
181 192 213 286 354 419 475 561 587 622 743 755 774 831 844 878 
181 192 259 385 427 442 516 574 641 668 721 738 853 877 915 932 
181 192 215 268 347 416 441 452 517 585 653 723 778 845 877 922 
181 192 217 385 428 442 516 574 641 669 721 739 853 878 915 932 
181 192 218 254 386 442 517 574 645 661 721 735 853 879 916 932 
181 192 219 346 411 447 488 514 532 643 676 727 773 825 854 951 
181 193 253 288 327 442 466 523 579 651 716 772 794 844 877 911 
181 193 242 388 447 456 472 574 621 712 777 785 816 843 854 968 
181 193 245 287 348 444 479 511 537 672 718 729 785 824 876 951 
181 193 247 286 368 444 478 511 536 672 717 724 785 822 874 951 
181 193 247 286 345 369 444 479 511 536 672 717 785 828 874 951 
181 193 248 287 345 362 444 479 511 537 672 729 785 824 876 951 
181 193 222 245 411 433 487 548 562 634 743 754 775 816 827 951 
181 193 224 288 312 356 416 439 474 548 643 723 741 854 877 896 
181 193 224 288 312 356 419 436 474 643 723 741 775 854 877 896 
181 193 224 289 312 357 416 437 474 543 649 723 741 775 856 897 
181 193 224 289 312 357 417 436 543 649 723 741 775 856 878 897 
193 212 248 313 387 442 476 531 624 744 761 775 816 828 872 957 
181 193 214 242 316 456 475 521 597 612 645 753 761 874 882 928 
181 193 214 312 387 444 479 531 626 745 761 776 813 828 872 957 
181 194 272 293 318 355 442 467 523 531 676 685 777 841 854 943 
181 252 315 421 448 464 517 575 641 755 777 783 834 842 923 976 
181 194 247 268 411 434 465 578 583 616 715 754 823 877 959 991
183 199 217 244 333 381 418 424 553 577 661 728 746 775 882 959 
184 191 256 262 447 451 483 516 532 575 615 713 721 868 872 924 
191 247 313 454 465 486 517 573 622 651 748 772 824 835 916 931 
191 247 313 454 465 486 517 578 622 651 749 772 824 835 916 931 
184 191 235 258 316 446 457 472 514 521 575 613 764 783 832 928 
184 195 242 341 411 436 472 555 587 613 659 725 734 873 892 929 
184 196 257 281 326 352 411 438 545 614 675 723 772 841 868 944 
184 196 281 315 417 439 473 541 578 644 716 753 772 857 885 921 
184 196 245 281 315 439 473 541 578 644 716 753 772 859 885 921 
184 196 248 281 315 417 439 473 541 578 644 716 753 772 857 885 
196 248 281 315 417 439 473 541 578 644 716 753 772 859 885 921 
184 196 235 248 382 426 473 543 575 622 742 756 767 813 839 954 
184 196 222 273 331 461 477 516 598 723 772 781 814 846 858 945 
184 196 222 277 331 461 478 483 516 599 728 772 781 814 859 945 
184 196 225 251 444 468 521 537 616 757 771 792 813 842 875 914 
114 155 168 279 291 356 442 471 516 525 649 753 785 832 847 984 
121 152 173 236 257 264 327 412 443 468 515 587 691 778 784 841 
186 191 219 242 415 444 466 545 583 678 712 724 777 823 856 972 
131 259 263 445 474 482 513 566 641 717 722 754 823 899 948 971 
131 175 259 263 445 474 513 566 641 712 728 754 823 899 947 971 
117 142 164 218 283 391 436 444 479 523 555 621 746 772 784 915 
117 142 164 218 283 391 436 444 479 523 555 621 746 774 782 915 
117 142 165 274 291 348 421 454 476 534 682 773 789 812 845 915 
117 142 165 226 282 415 444 588 591 696 728 756 773 812 877 951 
117 142 166 224 273 345 411 486 492 558 565 689 754 778 833 916 
121 164 243 296 388 452 461 474 513 555 716 747 782 818 844 971 

